title: ATP binding site
327,328,329,330,331,332,333,372,430,431,
pssmid: COG0553 sCoveredResCurr size: 274
line 576,  resi 530: 2,-7,0,-2,-2,-2,1,-3,0,1,0,-2,0,-1,-1,0,3,0,-8,-1,
line 577,  resi 531: -2,-8,-6,0,-2,-3,-6,1,6,-1,-1,0,-3,0,0,-1,0,-3,-8,-7,
line 578,  resi 532: 0,-7,0,2,-7,-7,-1,1,3,0,1,1,-3,-4,1,2,0,-6,-8,-4,
line 581,  resi 533: 1,-2,2,2,-1,0,-2,0,1,-1,-2,0,0,0,-1,-1,-1,-1,-2,-2,
line 582,  resi 534: -1,-7,-1,-1,0,-6,-2,3,-7,3,0,-8,-2,-7,-3,-3,-4,4,-8,-6,
line 583,  resi 535: 0,0,-2,-1,-6,-8,-1,3,1,4,1,0,-8,-2,-7,-4,-2,1,-8,-2,
line 584,  resi 536: 1,-6,0,1,-6,-4,2,-2,4,0,-2,-1,-2,-1,1,0,0,-3,-6,0,
line 585,  resi 537: -2,-8,3,4,-7,-3,1,-2,0,1,-6,1,-3,0,-2,1,0,-7,-8,-1,
line 586,  resi 538: -2,1,-4,-3,3,-3,-8,2,-8,5,-2,-3,-3,-7,-8,-3,-3,-5,-7,0,
line 587,  resi 539: -3,-8,1,-1,-8,-1,-1,-3,-1,-1,2,-6,6,0,2,1,-2,-7,-9,-8,
line 588,  resi 540: -3,-3,2,3,-2,-3,-6,-2,2,-2,-7,0,5,-1,-3,1,-2,-3,-8,-2,
line 589,  resi 541: 0,-8,-3,2,-3,-4,-2,-3,6,-1,-6,-2,-7,1,2,-6,-2,-1,-8,-7,
line 590,  resi 542: -3,-7,0,1,-3,-2,1,3,0,-1,-2,-1,-7,-2,1,1,2,1,-8,-1,
line 591,  resi 543: -2,0,0,5,-7,0,-2,0,0,-2,1,-3,-3,1,-1,-6,-1,-2,-8,0,
line 592,  resi 544: 0,-8,-1,1,1,-5,3,2,3,-2,0,-1,-7,2,2,-1,0,-2,0,-2,
line 593,  resi 545: -2,-7,1,-3,-7,-8,-1,4,2,1,-5,0,-2,-3,2,-6,0,3,-8,-2,
line 594,  resi 546: -4,-8,0,2,2,-8,-3,2,2,2,-5,-7,-8,-1,0,-3,-5,2,1,3,
line 595,  resi 547: -1,-8,-1,1,3,-3,2,-2,-1,0,1,-1,-3,-1,2,0,-2,1,-6,4,
line 596,  resi 548: 0,7,0,0,-2,-4,0,0,0,0,-6,-2,-1,1,-2,-3,-1,2,-8,-2,
line 597,  resi 549: -2,-8,3,4,-2,-2,1,-7,1,0,-1,0,1,-2,-1,-1,-3,-2,-8,-2,
line 598,  resi 550: -7,-1,0,2,1,-2,-2,2,-3,4,4,-7,2,-2,-7,-7,-7,-2,1,-6,
line 599,  resi 551: -2,-7,1,-1,-2,0,-7,-1,1,0,-6,-2,-3,0,-3,4,3,-1,-8,-3,
line 600,  resi 552: 0,-8,2,2,-2,2,-2,-1,-2,-4,-3,2,1,-1,-2,2,-2,-3,-8,-4,
line 601,  resi 553: 0,-4,-1,3,0,-1,0,-1,-1,1,1,-2,-4,0,0,0,0,-2,-4,1,
line 602,  resi 554: -6,-8,-1,2,-1,-8,-2,2,-5,-2,-6,-6,0,7,2,-3,-4,-3,-8,-7,
line 603,  resi 555: 0,1,3,0,-2,-2,-6,-1,3,-2,2,1,-2,0,3,-1,-1,-4,-8,-7,
line 604,  resi 556: 0,-8,1,3,-4,-3,-6,-1,3,-5,-7,0,-2,1,3,1,-1,-1,-8,-4,
line 605,  resi 557: 0,-7,-2,-4,3,-4,-7,1,-5,4,-2,-3,-4,-2,-1,-3,-6,2,2,2,
line 606,  resi 558: -7,-7,-9,-8,0,-9,-1,2,-2,3,-5,-8,-8,-7,-4,-4,-3,0,-5,8,
line 607,  resi 559: 1,-8,1,3,-8,-5,-6,-1,3,-2,-1,1,-2,2,0,1,-1,-7,-8,-3,
line 608,  resi 560: 2,-7,2,1,-8,-2,2,-1,0,-2,0,0,-7,2,2,0,1,0,-8,-7,
line 609,  resi 561: -4,-8,1,1,3,-5,3,1,-3,2,-1,1,-8,-1,0,-3,-2,0,1,1,
line 610,  resi 562: 0,2,-5,-2,-6,-4,-7,2,-1,3,-1,-7,-3,0,1,1,0,2,1,-1,
line 611,  resi 563: 1,-8,2,3,-1,0,1,1,1,-3,-7,2,-7,2,-1,1,-2,-5,-8,-7,
line 612,  resi 564: -2,-3,-1,1,3,1,0,1,0,0,0,0,-2,-1,1,1,-1,-2,-2,0,
line 613,  resi 565: 1,1,-1,1,1,1,-2,-1,1,-1,-1,-1,0,0,-2,1,-2,1,-2,-2,
line 614,  resi 566: -2,-2,0,3,-1,1,1,0,-2,0,0,0,1,0,-1,0,1,-1,-2,-2,
line 615,  resi 567: -4,-6,2,1,-6,-2,3,-3,3,-3,-5,0,-2,3,2,0,0,-2,-6,-2,
line 616,  resi 568: 1,-6,0,1,-3,1,-5,0,-5,1,2,4,-4,-2,-1,-2,0,-1,-6,0,
line 617,  resi 569: -3,-7,1,1,-1,-4,-6,1,1,1,-1,-1,-4,4,0,1,-3,-2,1,1,
line 619,  resi 570: 0,1,2,1,-2,-3,2,0,0,1,-3,0,-4,0,-1,-1,1,0,-7,2,
line 620,  resi 571: 1,3,-5,-5,-1,-8,-8,3,-2,3,3,-8,1,-4,-5,-6,-3,3,-7,-6,
line 621,  resi 572: -1,-8,3,2,-2,0,-1,-2,3,-4,2,-3,-7,0,2,-1,0,-3,-7,0,
line 622,  resi 573: 1,-8,3,0,-7,-1,0,-8,0,-2,-7,0,0,4,2,0,-3,-5,-7,3,
line 623,  resi 574: -1,-6,0,0,0,-2,-2,2,-4,1,-5,-1,-2,-4,-2,1,0,1,1,2,
line 624,  resi 575: 1,-5,-1,2,-2,-1,-5,2,0,0,1,1,-5,1,1,0,-1,-1,-5,-5,
line 625,  resi 576: -1,-7,1,2,0,-1,-6,-2,2,-3,-6,2,-2,0,1,0,2,-2,-7,1,
line 626,  resi 577: 2,-7,-3,2,-2,0,0,1,0,-2,0,-2,-3,1,-1,1,0,-1,-7,2,
line 627,  resi 578: 0,0,3,-3,-2,1,1,-1,0,0,0,0,-5,0,0,2,-2,-4,-6,-1,
line 628,  resi 579: -2,0,1,1,-4,0,-4,1,-1,1,-2,1,-4,2,-1,1,-1,-1,0,1,
line 629,  resi 580: -2,-4,3,2,0,0,6,-2,1,-1,-4,0,-2,-3,-2,1,0,-3,-4,-4,
line 630,  resi 581: -1,3,-2,1,0,-1,-3,0,1,0,0,-2,1,-1,0,-1,1,-3,5,0,
line 631,  resi 582: -1,-3,3,-2,0,-1,-3,2,0,1,-2,-1,-3,0,0,-2,0,1,-3,0,
line 632,  resi 583: 1,-3,0,-1,-1,-3,0,2,2,-2,1,2,-3,1,2,-1,-1,-1,-3,-1,
line 633,  resi 584: 0,-3,-1,1,0,0,-3,3,0,-3,-3,-1,-1,1,1,-2,-3,1,-3,1,
line 634,  resi 585: 0,-3,-1,0,1,3,-3,-1,0,0,-1,1,-3,0,0,0,-1,-1,-3,-1,
line 646,  resi 586: -1,-7,-1,-1,-2,-7,-2,0,3,0,-3,-4,-7,2,4,2,-1,-2,-7,1,
line 647,  resi 587: -7,-7,1,-1,-2,-5,-7,-1,-3,5,2,-3,-3,-1,0,-3,-1,-1,-7,-2,
line 648,  resi 588: -1,0,1,-1,-8,-7,2,-1,4,-7,-7,-1,-4,-3,6,-1,-2,-7,-8,0,
line 649,  resi 589: -4,0,-1,3,-2,-1,-1,-2,4,0,-2,-6,-7,5,-1,-1,-6,-6,-7,-1,
line 650,  resi 590: 0,1,-4,-7,1,-8,-7,5,-2,2,3,-2,-8,-7,-3,-4,-3,3,-7,3,
line 651,  resi 591: 0,9,-3,0,-2,-4,-1,1,-3,-2,-6,-1,1,-2,-2,-2,-6,1,-7,2,
line 652,  resi 592: -2,2,3,1,-8,-3,0,0,-3,-2,-7,5,-7,1,0,1,-4,-4,-8,-3,
line 653,  resi 593: -2,-7,1,1,1,0,8,-1,-6,1,-6,1,-7,-5,-2,-1,-3,-2,-7,1,
line 654,  resi 594: -1,-7,-3,-1,-3,-2,-1,-4,-1,-2,-7,-7,7,-4,-1,-3,-1,-5,-8,-1,
line 655,  resi 595: 3,-2,1,1,-1,1,-6,1,-3,-2,-6,-4,-1,1,0,1,-6,-1,-7,2,
line 656,  resi 596: -1,-7,-2,0,-2,-1,0,-1,-6,5,-1,-2,-2,0,1,-4,-5,0,-7,2,
line 657,  resi 597: 0,-7,-2,-7,4,-4,-7,3,-3,0,-1,-1,-1,-7,-7,0,0,3,-6,2,
line 658,  resi 598: 0,-7,3,3,1,-3,-6,1,0,1,2,-1,-1,-1,-4,0,-4,-2,-7,0,
line 659,  resi 599: -1,-7,2,3,-1,0,-3,-2,1,-2,-6,3,0,1,0,0,-4,-2,-1,-7,
line 660,  resi 600: -2,-7,3,0,-3,2,-6,-4,-1,-3,1,1,-1,0,3,-1,0,-1,1,-3,
line 661,  resi 601: 0,1,-1,-1,-1,1,-2,1,1,1,2,0,-1,-1,1,-2,0,-1,-2,-2,
line 662,  resi 602: -2,-5,0,4,-1,-3,-4,-4,-1,-1,-5,1,0,3,-3,0,3,-1,-5,1,
line 663,  resi 603: 1,-2,0,2,-3,-1,-1,1,1,0,-4,0,-1,1,-3,0,-3,2,-5,0,
line 664,  resi 604: -2,-5,-5,0,1,-1,-5,-1,2,0,3,-2,-2,-1,-2,1,4,-1,-5,1,
line 665,  resi 605: 0,-6,-1,0,3,1,1,0,0,-2,-1,-4,1,-1,-2,0,0,-1,0,3,
line 666,  resi 606: -4,2,4,1,-5,-2,-2,-5,2,-1,-1,2,-1,-1,0,1,-2,-4,-6,0,
line 667,  resi 607: 0,-1,1,1,1,0,1,0,-1,-2,-2,2,0,1,2,0,-2,-3,2,-1,
line 668,  resi 608: -2,-4,2,2,0,-1,-3,2,0,0,-3,1,-4,1,-1,0,1,-1,1,0,
line 669,  resi 609: 0,2,0,-1,-1,-2,1,2,-1,0,-3,-1,-2,1,0,0,0,2,-3,-1,
line 670,  resi 610: 1,-3,2,0,-3,-1,2,1,-1,1,-3,1,-2,-1,0,0,-1,0,-3,-2,
line 671,  resi 611: -1,-3,1,2,-2,-2,-3,-1,1,1,1,0,-3,0,1,0,1,-1,-3,-1,
line 672,  resi 612: 1,-3,-2,2,-1,-1,-2,-1,0,2,1,-1,-2,0,-1,0,1,-1,-3,-1,
line 673,  resi 613: 0,1,0,1,-3,0,-2,0,1,-1,-2,1,0,-2,3,-1,-1,-2,3,-3,
line 674,  resi 614: 1,1,1,3,-2,-1,-2,-1,1,-1,0,0,1,0,-1,-1,-1,-1,-2,0,
line 675,  resi 615: -1,-2,3,1,1,0,1,-2,0,-1,-2,1,-1,1,-2,1,0,-2,-2,-2,
line 676,  resi 616: 0,0,-1,1,-2,-1,-1,0,2,0,3,1,-1,1,0,-1,-2,0,-3,-2,
line 677,  resi 617: -2,1,2,1,-4,-1,2,1,-2,0,0,1,1,1,0,0,-2,-2,2,-2,
line 678,  resi 618: -2,0,0,0,4,-2,-1,0,0,1,2,-1,0,-3,2,0,-1,-2,-3,-3,
line 679,  resi 629: 0,-3,2,1,1,0,-3,2,0,-1,-3,-2,-1,-3,0,0,0,-1,4,1,
line 680,  resi 630: -1,-3,-1,0,2,-3,0,1,0,-1,1,-1,-1,1,0,1,1,-3,-3,3,
line 681,  resi 631: -2,3,0,-1,-3,-2,-3,1,1,1,-3,0,-3,-1,2,-2,1,1,5,-3,
line 682,  resi 632: -1,2,1,1,0,-2,1,-2,3,1,-1,1,0,0,-1,-2,-1,-1,-3,-2,
line 683,  resi 633: -1,-3,2,1,-3,-2,5,-3,3,-1,-3,0,-2,1,1,-3,-1,-2,-3,-1,
line 684,  resi 634: 0,-4,2,-1,-1,-1,2,-1,1,-1,-2,0,3,2,-3,0,0,-1,-4,1,
line 685,  resi 635: -3,-4,1,0,2,-4,-4,2,-1,3,2,-4,-1,1,-1,-4,-2,0,-4,-1,
line 686,  resi 636: -1,3,-1,0,0,-1,-4,4,-1,0,-3,-1,-1,-1,-4,-2,-1,2,5,-4,
line 687,  resi 637: -2,-5,-1,2,-3,-1,1,-3,0,0,3,-1,-4,4,2,-2,0,-3,1,0,
line 688,  resi 638: 0,-5,0,-3,2,0,0,-1,-1,1,-4,3,-5,1,2,1,-1,-2,-5,-2,
line 689,  resi 639: 0,4,-2,-4,-3,2,-4,-5,-4,-2,-4,2,-1,1,0,4,0,-5,-5,-2,
line 690,  resi 640: -1,-2,-2,0,-2,-1,-2,2,2,1,2,1,-1,-1,-1,-1,-2,1,-2,-2,
line 691,  resi 641: 0,1,2,-1,0,4,-3,0,0,-2,0,2,-3,-2,-5,0,-1,-1,-6,-3,
line 692,  resi 642: -3,-7,-3,2,-7,-3,-6,-2,6,-2,-1,-1,-1,-4,-1,0,0,-2,-7,-6,
line 693,  resi 643: -3,-7,-3,-3,0,2,-2,2,-1,2,4,0,-1,-3,0,-2,-3,1,1,-3,
line 694,  resi 644: 0,0,1,2,-2,-7,-6,1,1,0,-2,1,-3,4,-3,0,-2,1,-8,-1,
line 695,  resi 645: 2,0,0,-1,-1,-1,-7,1,1,0,0,0,-3,-2,1,2,-1,1,-1,-2,
line 696,  resi 646: -1,-3,-3,0,1,-3,-7,2,-4,4,-4,0,-4,-2,-1,-4,0,-1,1,-6,
line 697,  resi 647: -1,-2,3,2,-4,-2,0,-1,1,0,4,-3,-6,-3,2,-3,0,1,-7,-6,
line 698,  resi 648: -1,-8,3,4,-7,-7,0,-5,3,-5,-7,-2,-2,1,1,1,-1,-2,-8,-1,
line 699,  resi 649: -3,-7,-8,-4,3,-8,-7,3,-3,4,3,-4,-8,-7,-2,-7,1,1,-6,3,
line 700,  resi 650: -6,-7,-8,-4,-3,-1,0,4,-2,5,-2,-8,-8,0,-7,-1,-6,0,-7,-2,
line 702,  resi 651: 0,-2,2,0,-5,1,1,-3,0,0,-5,1,2,-1,-2,0,1,-2,-6,0,
line 703,  resi 652: -2,-6,-3,2,-6,-2,-3,1,3,-3,-1,1,-4,2,0,2,2,1,-7,-6,
line 704,  resi 653: -1,-7,-7,-2,-4,-4,-1,3,1,3,1,-2,-7,-1,-2,1,1,1,2,-2,
line 705,  resi 654: -5,-7,-3,0,-2,-2,0,2,4,2,0,-4,-7,-6,-2,-3,-6,1,-7,3,
line 706,  resi 655: 0,-8,1,3,-7,-5,0,1,2,-2,2,-4,0,0,1,0,-1,-2,-8,-2,
line 707,  resi 656: -1,-8,0,5,-8,-5,-6,-7,1,0,-1,2,-4,3,-2,0,0,-7,-8,-7,
line 708,  resi 657: -1,-7,-4,-3,-7,5,-1,-6,0,2,1,0,-3,1,-3,0,-4,0,-8,-7,
line 709,  resi 658: -3,2,2,0,-2,-7,6,0,-4,0,0,0,-2,-1,0,0,-1,-1,1,1,
line 710,  resi 659: 1,-2,-1,-1,-1,0,0,-1,0,0,-2,1,1,-1,-1,0,0,0,-2,3,
line 711,  resi 660: -1,-3,0,2,-2,-2,5,0,-2,1,-2,-2,0,-1,-1,-1,0,-2,-2,3,
line 712,  resi 661: -1,-7,-2,1,-7,-4,-5,-3,5,-4,-6,-5,1,3,5,-1,-3,-6,-7,-6,
line 713,  resi 662: 0,1,-8,-3,-3,-8,-8,4,-2,1,-1,-8,0,-7,-7,-3,1,4,-8,-1,
line 714,  resi 663: 0,-7,-8,-8,-6,-2,-8,4,-7,4,0,-1,-3,-7,-8,-4,0,3,0,-7,
line 715,  resi 664: -6,-3,-7,-3,-1,-1,-7,5,-1,2,1,-7,-3,-6,1,-1,-3,3,-7,-1,
line 716,  resi 665: -2,-7,-7,1,8,-2,-6,-1,-3,-3,-5,-7,-7,-2,-1,-1,-3,-3,3,2,
line 717,  resi 666: 0,1,-2,-3,0,-3,-6,-6,-1,-1,-6,0,-7,0,-1,5,1,1,-8,-2,
line 718,  resi 667: 1,-8,-6,-3,-8,0,-1,-3,0,-6,-6,1,2,7,-2,-3,-1,-7,-8,-1,
line 719,  resi 668: -4,-8,1,-3,7,-3,-1,-6,-1,0,4,-7,1,-7,-3,-3,-1,-2,1,4,
line 720,  resi 669: -1,-7,-7,-1,-7,-7,0,2,-1,-1,0,-6,-7,-3,0,1,5,2,-8,-7,
line 721,  resi 670: -1,-8,1,2,-8,-2,-2,-3,1,-8,-3,-1,3,4,1,2,0,-2,-8,-7,
line 722,  resi 671: -5,-2,0,-7,1,-4,0,1,-7,1,7,-7,-2,-4,-3,-2,1,3,0,1,
line 723,  resi 672: 0,-3,-8,-1,-2,-1,-1,2,-1,5,2,-3,-3,-6,2,-3,-6,-5,-8,-7,
line 724,  resi 673: -1,1,6,1,-8,-1,-1,-4,2,-4,0,-2,-5,-2,-2,0,-3,-2,-8,-1,
line 725,  resi 674: -3,-3,-7,-3,-5,-1,0,5,-4,4,3,-5,-7,-2,-3,-2,-6,2,-7,-6,
line 726,  resi 675: -3,-7,-8,-3,0,-9,-1,4,-3,4,5,-8,-3,-7,-7,-7,-3,2,-7,-1,
line 727,  resi 676: 0,0,1,5,-2,-2,2,-1,1,-4,-1,-2,-1,0,0,-3,0,-5,-8,-7,
line 728,  resi 677: -2,-8,3,2,2,-2,2,-2,2,-2,-3,0,-2,3,0,0,-6,-4,2,0,
line 729,  resi 678: -2,1,0,2,2,-5,1,-4,1,1,1,0,-4,-6,-1,-2,-1,1,1,4,
line 730,  resi 679: -1,2,-8,0,2,0,-7,0,-7,5,1,-2,-8,-7,0,-2,-3,-2,-7,-6,
line 731,  resi 680: -1,-8,0,3,-4,-3,1,-3,4,-2,-1,3,-2,-2,3,-1,-1,-5,-8,-3,
line 732,  resi 681: 1,-7,1,1,-2,-7,0,-3,2,0,-1,3,-3,0,-1,-3,1,0,-7,2,
line 733,  resi 682: 1,-7,-5,0,-6,-3,2,0,2,2,2,0,-7,1,3,-2,0,-6,1,0,
line 734,  resi 683: -1,-7,2,0,0,3,3,-2,0,-1,-6,3,-1,-2,-1,-1,-1,-7,-7,-2,
line 735,  resi 684: -2,-1,-2,0,2,-4,-4,4,0,-1,0,-4,1,0,-1,-4,0,1,2,3,
line 736,  resi 685: 0,-6,-1,1,-1,-1,1,0,3,-3,-5,2,2,1,-1,0,-1,-1,-6,-1,
line 737,  resi 686: -1,-2,-7,-3,3,-4,3,0,-1,-2,-1,-2,-8,1,0,-2,-1,2,-6,6,
line 738,  resi 687: 0,3,-3,-2,1,-4,-7,1,0,1,4,-7,-2,-1,-2,-3,-2,3,-7,1,
line 739,  resi 688: -1,-8,-3,1,3,-4,0,-2,3,-2,-1,-2,-7,-1,5,-1,-4,-3,-7,1,
line 740,  resi 689: -3,0,-9,-8,5,-9,2,2,-1,4,3,-8,-1,-7,-7,-7,-7,-4,-6,2,
line 741,  resi 690: -3,-8,6,2,-8,-7,3,-4,-1,-2,-1,-1,-2,-1,-2,-2,1,-7,-9,-2,
line 742,  resi 691: 0,-7,-6,-3,-8,6,-7,-8,1,-8,-7,-2,-7,-6,-3,0,0,-3,-8,-7,
line 743,  resi 692: -2,-4,0,-1,-4,0,-2,-4,0,-3,-4,1,-4,1,3,4,2,-4,-4,-1,
line 744,  resi 693: -1,-4,-1,0,-4,-4,-4,0,1,0,4,-3,-1,-3,-1,-1,4,1,-4,-4,
line 745,  resi 694: -1,-3,-2,1,-3,0,1,-3,0,0,-1,1,3,1,-2,2,0,-3,-3,-3,
line 746,  resi 695: 2,-5,-5,-4,2,-5,1,-1,-2,0,-2,1,1,-1,-1,-1,0,1,4,1,
line 747,  resi 696: -1,-6,-1,2,-6,-5,0,-6,4,-3,-3,4,-4,2,3,-2,-1,-2,-6,-6,
line 748,  resi 697: -2,-7,1,2,-4,-4,-5,-1,0,-2,-6,1,-1,2,3,1,1,0,-7,-6,
line 749,  resi 698: -6,-8,-2,0,-7,-3,0,-7,2,0,-6,-6,0,3,6,-6,-3,-2,2,-6,
line 750,  resi 699: -2,-7,2,1,-4,-4,2,-1,0,2,-3,1,-2,4,-2,-1,-2,-6,-7,-1,
line 751,  resi 700: -2,-7,2,3,-7,-3,-6,-1,3,-2,-6,0,2,1,-2,0,0,-1,-8,-7,
line 752,  resi 701: 0,2,-7,-1,1,-7,0,2,-1,2,4,-6,0,-3,-4,2,1,-1,-7,1,
line 753,  resi 702: 0,-6,-8,-2,1,-8,-7,5,-7,2,-4,-8,-7,-7,-7,-3,-3,3,2,1,
line 754,  resi 703: 0,-8,3,2,-2,-2,1,0,1,-3,-6,2,0,2,2,-1,-3,-6,-8,-7,
line 755,  resi 704: 0,-7,2,3,-7,-5,-1,-6,2,-2,1,1,-7,0,3,-1,-3,1,-7,0,
line 756,  resi 705: -2,-7,-1,-7,7,-8,4,-1,-7,0,0,-1,-8,-7,-7,-7,-7,-3,6,3,
line 757,  resi 706: -2,-7,-2,-1,-6,-2,-2,3,0,-2,0,4,-3,3,1,0,-1,-2,-7,2,
line 758,  resi 707: 3,-6,2,2,-7,-2,-2,-6,1,-6,-6,2,-6,0,-1,1,0,-1,-7,-6,
line 759,  resi 709: 0,-4,3,1,-4,2,1,0,0,-2,-3,1,2,-1,0,-1,-1,-3,-4,-4,
line 760,  resi 710: -1,-3,-1,3,-3,-1,-3,-2,1,-1,-3,2,1,-2,2,1,0,-1,-3,-3,
line 761,  resi 711: -1,-4,0,3,-4,2,1,-1,0,-4,-4,1,0,-1,2,0,-2,-1,-4,-2,
line 762,  resi 712: -3,0,-3,3,0,-4,1,1,0,1,-5,2,-1,0,-1,0,0,0,-6,1,
line 763,  resi 713: -5,-2,1,-3,1,-2,-3,0,3,0,-1,0,1,1,1,-1,-2,1,2,-2,
line 764,  resi 714: 0,4,-2,-3,1,-2,-6,2,-1,1,1,-6,-2,-6,-1,-5,-4,4,2,1,
line 765,  resi 715: -3,-6,-1,-2,5,-7,-6,1,0,2,0,-6,-2,-6,0,-1,-5,2,-5,0,
line 766,  resi 716: -2,-6,-1,0,-1,-6,0,3,1,3,-2,2,-6,-1,-5,-1,0,2,-6,-5,
line 767,  resi 717: 1,-2,-2,0,-1,-2,1,2,-6,3,2,-1,-1,-1,-6,-2,0,2,-6,0,
line 768,  resi 718: -2,1,0,-1,-1,-6,1,-2,1,-6,1,-3,0,0,0,4,1,0,2,-5,
line 769,  resi 719: -1,-6,-5,-1,-2,-1,-5,0,-1,2,-2,1,-1,3,1,-1,2,0,-6,0,
line 770,  resi 720: 1,-5,-1,2,-5,-5,2,-5,4,-4,-5,-4,1,2,1,1,-2,-5,-5,0,
line 771,  resi 721: 4,-2,1,-3,-2,-5,3,-5,2,-6,-5,0,-6,-5,-5,2,-2,1,-7,-5,
line 772,  resi 722: 2,-1,-2,-2,1,4,-6,1,1,0,-5,-5,-6,-3,-6,-1,-5,0,3,1,
line 773,  resi 723: -2,-6,-5,1,-6,5,3,0,-2,-3,1,1,0,-5,-6,-1,-5,-6,4,-6,
line 774,  resi 724: -2,2,-6,-6,-1,-2,1,-4,0,3,0,-6,-6,0,-1,0,2,2,3,-1,
line 775,  resi 725: -1,-6,3,-5,-6,5,2,-2,-6,1,-1,0,-1,-1,-6,-2,-2,-6,1,-6,
line 776,  resi 726: -6,-6,-1,0,3,-3,-6,4,-2,4,-4,-1,-7,-6,-2,-6,-5,0,2,-5,
line 777,  resi 727: -2,-6,2,-2,-6,-5,1,-6,0,-4,2,6,0,1,-5,-2,2,-6,2,-1,
line 778,  resi 728: 1,-6,-6,2,-2,-2,-6,-4,-2,5,-4,-6,-6,0,1,-5,-5,0,-6,-6,
line 779,  resi 729: 1,3,0,0,-7,-1,-6,0,1,-1,-2,-4,-6,2,-6,-1,4,0,-7,0,
line 780,  resi 730: 0,2,-2,2,0,1,1,0,-4,0,-5,-2,-2,-1,-3,1,1,-5,-6,2,
line 781,  resi 731: 4,4,-6,-2,-7,2,-6,-7,-6,-7,-6,-2,-1,0,-1,2,2,-6,3,-2,
line 782,  resi 732: 0,-7,2,1,-7,-6,3,-6,0,0,1,3,-1,1,0,1,0,-2,-8,0,
line 783,  resi 733: 1,-7,-2,-2,-7,0,5,2,0,-1,-3,-4,-1,1,2,-5,1,1,1,-3,
line 784,  resi 734: 0,-7,-1,3,-6,-3,1,0,0,1,-5,-1,-7,-1,-6,-6,-5,5,-8,-6,
line 785,  resi 735: -1,-7,-2,-3,2,-7,0,5,1,0,-5,0,-1,-2,-6,-1,-6,2,-7,2,
line 786,  resi 736: -6,-7,-7,0,1,-3,4,2,1,3,2,-3,-2,1,1,-2,-6,0,0,-1,
line 787,  resi 737: 2,0,-2,-2,5,-3,0,-4,-2,2,0,-7,-1,-4,-1,-6,-4,-1,-6,3,
line 788,  resi 738: -1,1,6,3,-7,-4,-6,0,-5,-4,-7,0,-7,2,-2,-3,-6,-7,-8,-1,
line 789,  resi 739: 0,-2,-6,2,-7,-3,1,1,0,-1,-3,0,4,0,0,0,-1,-1,-8,-7,
line 790,  resi 740: -5,1,3,1,-2,-6,-5,2,-5,0,-5,-1,0,1,0,-1,0,-5,7,0,
line 791,  resi 741: -6,-7,1,0,2,-3,-6,1,0,0,-5,-7,-1,-1,1,-6,-6,-1,9,2,
line 792,  resi 742: 0,-7,2,0,-1,-1,-1,0,-1,-3,-6,7,-7,-1,-6,-3,-5,0,-7,0,
line 793,  resi 743: -4,-8,-5,1,-7,0,4,0,-2,-5,-6,2,6,3,1,-3,-2,-6,-2,-1,
line 794,  resi 744: 3,-6,1,1,-1,-1,0,-1,-5,0,0,-5,-6,2,-6,3,-1,-6,-7,-3,
line 795,  resi 745: -1,-7,0,0,1,-7,-1,-1,2,1,-1,-3,-7,2,2,-6,-3,4,-7,-6,
line 796,  resi 746: -1,-7,3,4,-6,-7,-5,-3,-1,-2,-6,2,-2,3,1,-2,-5,0,-7,3,
line 797,  resi 747: -2,-7,1,2,-6,-3,-6,-2,1,1,2,1,-7,4,-1,-2,-4,-1,6,-6,
line 798,  resi 748: 0,-7,-6,0,1,1,-5,-1,1,-2,0,-5,-6,7,-1,-5,-2,-6,-7,-6,
line 799,  resi 749: 5,-2,1,-2,-1,-6,1,-1,-2,-3,-6,-6,-6,-2,1,0,0,-5,-7,3,
line 800,  resi 750: 0,-7,-3,3,-6,-5,-6,3,-1,-1,5,0,-7,3,-3,-3,2,-1,-7,-7,
line 801,  resi 751: 1,-7,6,-1,-8,-2,1,-2,0,-7,-6,-1,-6,0,0,1,-3,1,-8,-7,
line 802,  resi 752: -1,-7,-7,-2,-1,0,-6,-7,-1,0,-1,-6,-7,-5,7,0,-3,-7,-7,0,
line 803,  resi 753: 4,1,1,-2,-7,-6,-6,2,-2,0,-5,2,-2,-1,-2,0,-5,2,-8,-7,
line 804,  resi 754: -2,-7,0,1,0,-3,8,1,-6,-3,-6,0,-7,-5,-6,-1,0,0,3,3,
line 805,  resi 755: -1,-8,0,1,-8,-1,-5,-7,-1,-7,2,-1,-3,-1,7,-2,-2,-7,-8,-7,
line 806,  resi 756: -2,-5,-2,-5,0,-1,-5,6,-5,2,-1,-5,-1,1,-1,0,-1,0,-5,-2,
line 807,  resi 757: 0,-7,-6,0,-8,6,-6,-8,2,-3,-7,1,-7,-1,0,0,-2,-7,-8,-7,
line 808,  resi 758: -1,-8,-6,0,-1,-2,-1,0,-2,-3,-5,-5,-7,7,4,-2,-6,-6,-7,0,
line 809,  resi 759: -6,-7,2,0,-7,-7,1,-6,4,1,-5,-5,0,1,-2,0,3,-1,-8,-3,
line 810,  resi 760: -2,-7,-1,1,-7,-1,-6,-1,3,-2,-6,3,-7,0,5,-1,-1,-1,-8,-7,
line 811,  resi 761: 2,-7,1,2,-1,-5,-1,0,-3,-3,-6,1,3,1,-6,1,1,-3,2,-6,
line 812,  resi 762: -2,2,-7,-2,-6,-8,-7,0,0,3,-4,-7,-7,-1,-2,-6,0,6,-7,-6,
line 813,  resi 763: -1,-2,0,2,3,-7,0,-4,3,-2,3,-1,-1,1,2,-1,0,-4,-7,-1,
line 814,  resi 764: 1,-6,-7,-2,-6,-3,-7,5,-2,1,-4,-7,-7,-2,-7,-2,-5,5,2,-1,
line 815,  resi 765: -3,-7,-2,0,2,-8,4,-1,-6,-1,-3,-6,-7,-1,-2,-3,1,2,0,7,
line 816,  resi 766: 0,-7,-2,-2,-7,-2,2,-2,3,-7,-6,3,-7,-4,6,-1,-1,-2,-8,-1,
line 817,  resi 767: -6,-7,-2,-2,5,-8,-7,0,0,3,4,-7,3,-2,-2,-2,-2,-5,2,-1,
line 818,  resi 768: -1,0,-6,0,1,-3,-6,4,1,0,1,3,-4,-6,-6,-2,-1,2,-7,-6,
line 819,  resi 769: 1,3,0,-2,-7,-3,-7,4,-2,-3,1,-6,-1,1,0,1,3,0,-8,-7,
line 820,  resi 770: 0,-7,0,2,-8,-2,-6,-6,2,-4,-6,0,-7,-1,5,-4,1,1,-8,-7,
line 821,  resi 771: -1,-8,4,1,-8,3,-2,-7,-1,-7,0,4,-3,2,-6,-2,-6,-1,-8,-7,
line 822,  resi 772: -1,-1,0,0,-7,-3,-6,-2,1,-3,-2,-5,-6,-5,2,3,5,-2,-8,-7,
line 823,  resi 773: -2,1,-4,-1,1,-4,-4,4,1,2,-1,-4,-4,-4,-1,-1,-1,2,-4,-1,
line 824,  resi 774: -5,-6,2,6,-5,-2,-5,0,-2,0,-5,-4,-5,0,-4,-2,-5,-2,2,-5,
line 825,  resi 775: -3,-6,-3,6,-6,-4,-2,1,0,0,-5,0,-6,-3,1,-1,-5,-3,-6,-6,
line 826,  resi 776: 0,-6,0,-1,-2,-6,0,-5,5,0,-5,2,-6,-4,3,-4,-1,-2,-6,1,
line 827,  resi 777: -1,-6,-2,-3,-2,-1,0,6,0,1,2,-7,-7,-6,-7,-1,-6,2,2,-6,
line 828,  resi 778: -1,-2,-1,-3,2,-3,1,3,-6,3,1,-5,-3,-1,-1,-4,0,0,0,0,
line 829,  resi 779: 0,-7,2,3,-7,-4,2,-4,0,-6,0,2,-1,1,3,0,-2,-1,-8,0,
line 830,  resi 780: -2,-7,-6,-3,1,0,2,1,0,2,1,0,-7,-1,2,1,0,0,-7,-2,
line 831,  resi 781: 2,-7,-6,-2,-7,-1,-3,0,-1,1,-3,3,-2,6,-1,-3,-5,-6,-7,-7,
line 832,  resi 782: 0,-1,-3,3,2,0,-3,0,1,-1,-4,2,-7,-1,3,0,-3,-6,2,-4,
line 833,  resi 783: -1,-7,2,1,0,-3,-1,-3,3,-4,-2,-2,-1,1,1,2,2,-2,-7,-3,
line 834,  resi 784: -2,-6,-5,-1,-6,-1,-5,-2,6,-1,2,-5,-1,2,-3,-1,-2,-2,-6,-6,
line 835,  resi 785: 0,-3,-2,0,-3,-1,0,-2,1,1,2,1,-3,3,2,0,-1,-2,-3,-3,
line 836,  resi 786: 1,-3,0,2,-1,0,-1,1,-1,-3,-3,2,0,1,1,0,0,-2,-4,-3,
line 837,  resi 787: -6,-7,2,-3,1,-4,2,-1,-2,4,1,-6,-7,0,-2,-2,-1,2,-7,-1,
line 838,  resi 788: 1,-7,2,-2,-2,0,-7,2,0,1,-1,-4,-7,1,-2,-2,0,2,2,-6,
line 839,  resi 789: 0,-7,3,2,-7,-1,2,-7,1,-7,-3,-1,0,0,1,0,3,-1,-8,-2,
line 840,  resi 790: 1,-1,-3,1,-7,0,3,-4,1,0,-1,-1,-2,2,-2,1,2,-1,2,-1,
line 841,  resi 791: 0,-6,-7,1,0,-8,-6,3,-3,4,-4,-7,-7,-2,-7,-6,0,3,-6,3,
line 842,  resi 792: -4,-7,0,-1,-1,-3,0,4,2,2,0,-2,-7,-2,-1,-1,-3,1,-7,0,
line 843,  resi 793: -2,-7,2,0,-1,1,-3,-2,2,-1,-6,2,0,3,-5,1,-1,-1,-8,-7,
line 844,  resi 794: 3,-5,1,2,-5,1,-4,1,0,-1,-1,-1,-2,1,-4,1,-1,-2,-5,-5,
line 845,  resi 795: -1,-2,1,2,-1,-1,2,-2,1,-2,-2,0,0,2,1,1,-1,-2,-2,-2,
line 846,  resi 796: -1,-5,2,1,-5,2,-5,-4,1,-2,0,1,0,0,-2,2,1,0,-6,-2,
line 847,  resi 797: -3,-6,-2,2,-1,-2,0,1,0,1,1,0,0,-1,-3,1,-1,0,5,0,
line 848,  resi 798: -2,-6,0,0,-4,2,-3,-2,3,-5,-6,3,-6,1,2,2,1,-6,-7,-6,
line 849,  resi 799: -1,-7,-1,2,0,0,-6,-2,0,1,-2,1,0,-2,-1,-2,1,0,5,-3,
line 850,  resi 800: -2,-1,2,-1,1,-1,-6,1,2,1,1,-1,-2,-3,1,0,0,-1,-7,0,
line 851,  resi 801: 0,0,2,1,-6,-3,-1,-2,1,-1,-6,2,-6,2,1,2,0,-2,-3,0,
line 852,  resi 802: 0,-7,0,2,-2,-4,-3,-1,2,2,-3,-2,-1,0,2,0,-3,-2,-7,-6,
line 853,  resi 803: -3,1,-5,-2,4,-7,2,0,-3,3,-1,-2,-1,-4,2,0,-1,-2,2,1,
line 854,  resi 804: -4,-2,2,2,0,0,-6,2,-2,0,-5,0,-7,-5,-2,2,2,1,-8,-6,
line 855,  resi 805: -2,-7,-4,-2,-2,-2,-3,3,1,1,-2,1,1,-1,1,0,0,0,-1,0,
line 856,  resi 806: -2,-7,1,4,-1,-5,0,0,1,-2,-6,0,-1,1,-1,0,-1,2,-7,-1,
line 857,  resi 807: -2,-7,4,3,-7,-3,3,-1,-2,0,-3,-2,1,-1,-3,1,-3,1,-8,-7,
line 858,  resi 808: 0,-7,-7,-2,4,1,-7,4,-7,3,-1,-1,-7,-4,-4,-6,0,0,-6,0,
line 859,  resi 809: -4,-7,-4,2,-3,-3,3,1,2,2,0,-1,-2,1,1,-1,-4,-2,-7,0,
line 860,  resi 810: -1,-1,3,1,1,-2,-6,0,0,-3,0,-1,0,2,1,-1,1,0,-7,-4,
line 861,  resi 811: -3,-1,-7,-1,0,-2,1,5,-6,4,0,-7,-1,-3,-4,-2,-1,-2,-7,-6,
line 862,  resi 812: 1,-6,-7,-1,5,0,-6,1,-2,2,-2,-4,1,0,-6,-1,-1,-5,-6,0,
line 863,  resi 813: 1,-6,0,1,0,-1,-5,-4,1,0,0,0,-1,2,0,2,-1,-1,-7,-2,
line 864,  resi 814: -1,-7,-2,1,-1,-7,-1,1,3,2,0,-1,-1,0,2,-1,-3,-1,-6,1,
pssmid: cd18066 sCoveredResCurr size: 235
line 0,  resi 295: -2,-2,-4,-4,0,-4,-3,1,-3,5,2,-4,-4,-3,-3,-3,-2,0,-2,-2,
line 1,  resi 296: -2,-4,-2,-1,-3,-3,-1,-4,2,-3,-2,-1,-3,1,7,-1,-2,-3,-3,-2,
line 2,  resi 297: -1,-3,-2,-2,-4,-3,-3,-3,-2,-4,-3,-3,8,-2,-3,-1,-2,-3,-4,-4,
line 3,  resi 298: -2,-4,-2,-1,-2,-3,9,-4,-1,-3,-2,0,-3,0,-1,-1,-2,-4,-3,1,
line 4,  resi 299: -1,-4,-1,2,-4,-2,0,-3,1,-3,-1,0,-2,7,1,-1,-1,-3,-3,-2,
line 5,  resi 300: -2,-4,-2,0,-4,-3,-1,-4,4,-3,-2,-1,-2,1,5,-1,-1,-3,-3,-2,
line 6,  resi 301: -1,-3,0,5,-3,-3,-1,0,0,-2,-1,-1,-2,1,-1,-1,-1,2,-4,-2,
line 7,  resi 302: 0,-3,-2,-3,-4,6,-3,-4,-2,-4,-3,-1,-3,-2,-3,-1,-2,-4,-3,-4,
line 8,  resi 303: -1,-2,-4,-4,-1,-4,-4,5,-3,1,1,-4,-3,-3,-4,-3,-1,4,-3,-2,
line 9,  resi 304: -1,-2,-1,3,-1,-4,-2,3,-2,2,0,-2,-3,-1,-2,-2,-1,2,-3,-2,
line 10,  resi 305: -3,-3,-4,-4,7,-4,-2,-1,-4,0,0,-4,-4,-4,-3,-3,-3,-1,1,3,
line 11,  resi 306: -2,-2,-4,-4,0,-4,-3,1,-3,5,2,-4,-4,-3,-3,-3,-2,0,-2,-2,
line 12,  resi 307: -3,-3,-4,-3,2,-4,1,-2,-3,-2,-2,-3,-4,-2,-3,-3,-2,-2,8,7,
line 13,  resi 308: -2,-4,1,5,-3,-3,6,-4,0,-4,-2,0,-2,1,-1,-1,-2,-3,-3,-1,
line 14,  resi 309: 0,9,-3,-3,-3,-2,-3,-2,-2,-2,-2,-2,-3,-2,-3,2,0,-2,-3,-3,
line 15,  resi 310: -1,-1,-4,-3,-1,-4,-4,2,-3,0,0,-4,-3,-3,-3,-2,0,5,-4,-2,
line 16,  resi 311: -1,-2,-4,-3,-1,-3,-3,1,-2,1,7,-3,-3,-1,-2,-2,-1,3,-2,-2,
line 17,  resi 312: 0,-3,-2,-3,-4,6,-3,-4,-2,-4,-3,-1,-3,-2,-3,-1,-2,-4,-3,-4,
line 18,  resi 313: -1,-2,-3,-1,-1,-3,-2,0,3,1,6,-2,-3,0,0,-2,-1,0,-2,-2,
line 19,  resi 314: -2,-4,-2,-1,-4,-3,-1,-4,1,-3,-2,-1,5,0,6,-1,-2,-3,-4,-3,
line 20,  resi 315: -1,-2,-3,-2,-1,-3,6,1,-2,0,4,-2,-3,-1,-2,-2,-1,3,-3,0,
line 21,  resi 316: -1,-2,0,-1,-3,-2,-1,0,-1,-2,-1,5,-2,-1,-2,2,0,2,-4,-2,
line 22,  resi 317: -1,-4,0,4,-4,4,-1,-4,0,-4,-3,-1,-2,0,-1,-1,-2,-3,-3,-3,
line 23,  resi 318: -1,-4,-2,-1,-4,3,-1,-4,1,-3,-2,-1,-3,0,6,-1,-2,-3,-3,-3,
line 24,  resi 319: -2,6,-3,-1,5,-3,-1,-2,-1,-1,-1,-2,-3,3,-2,-2,-2,-2,-1,1,
line 25,  resi 320: 0,-3,-2,-3,-4,6,-3,-4,-2,-4,-3,-1,-3,-2,-3,-1,-2,-4,-3,-4,
line 26,  resi 321: 4,7,-3,-2,-3,-1,-3,-2,-2,-2,-2,-2,-2,-2,-3,0,-1,-1,-3,-3,
line 27,  resi 322: -2,-2,-4,-4,-1,-4,-4,6,-3,1,1,-4,-3,-3,-4,-3,-1,2,-3,-2,
line 28,  resi 323: -2,-2,-4,-4,0,-4,-3,1,-3,5,2,-4,-4,-3,-3,-3,-2,0,-2,-2,
line 29,  resi 324: 4,-1,-2,-2,-3,4,-2,-2,-1,-3,-2,-2,-2,-2,-2,0,-1,-1,-3,-3,
line 30,  resi 325: -2,-4,7,1,-4,-2,-2,-4,-1,-4,-4,1,-2,-1,-2,-1,-2,-4,-5,-4,
line 31,  resi 326: -1,-4,1,6,-4,-3,-1,-4,0,-4,-3,-1,-2,2,-1,-1,-1,-3,-4,-3,
line 32,  resi 327: -1,-2,-4,-3,0,-3,-2,1,-2,2,8,-3,-3,-1,-2,-2,-1,0,-2,-2,
line 33,  resi 328: 0,-3,-2,-3,-4,6,-3,-4,-2,-4,-3,-1,-3,-2,-3,-1,-2,-4,-3,-4,
line 34,  resi 329: -2,-2,-4,-4,0,-4,-3,1,-3,5,2,-4,-4,-3,-3,-3,-2,0,-2,-2,
line 35,  resi 330: 0,-3,-2,-3,-4,6,-3,-4,-2,-4,-3,-1,-3,-2,-3,-1,-2,-4,-3,-4,
line 36,  resi 331: -1,-4,-1,0,-4,-2,-1,-3,6,-3,-2,-1,-2,1,2,-1,-1,-3,-4,-2,
line 37,  resi 332: 0,-1,-2,-1,-3,-2,-2,-1,-1,-2,-1,0,-2,-1,-2,1,6,0,-3,-2,
line 38,  resi 333: -2,-2,-4,-4,0,-4,-3,1,-3,5,2,-4,-4,-3,-3,-3,-2,0,-2,-2,
line 39,  resi 334: -1,-4,-1,2,-4,-2,0,-3,1,-3,-1,0,-2,7,1,-1,-1,-3,-3,-2,
line 40,  resi 335: -1,10,-4,-4,-3,-3,-4,-2,-4,-2,-2,-3,-3,-4,-4,-1,-1,-1,-3,-3,
line 41,  resi 336: -2,-2,-4,-4,-1,-4,-4,6,-3,1,1,-4,-3,-3,-4,-3,-1,2,-3,-2,
line 42,  resi 337: 0,-1,-1,-1,-3,-1,-2,-2,-1,-3,-2,0,-1,-1,-1,4,3,-2,-3,-2,
line 43,  resi 338: -2,-2,-4,-4,0,-4,-3,1,-3,5,2,-4,-4,-3,-3,-3,-2,0,-2,-2,
line 44,  resi 339: -2,-2,-4,-4,-1,-4,-4,5,-3,1,1,-4,-3,-3,-4,-3,-1,3,-3,-2,
line 45,  resi 340: -3,-3,-5,-4,1,-3,-3,-3,-4,-2,-2,-4,-4,-3,-3,-3,-3,-4,12,2,
line 46,  resi 341: 0,-1,-2,-1,-3,-2,-2,-1,-1,-2,-1,0,-2,-1,-2,1,6,0,-3,-2,
line 47,  resi 342: 2,-1,-4,-3,-1,-2,-3,1,-2,4,1,-3,-3,-2,-2,-1,-1,0,-2,-2,
line 48,  resi 343: -2,-2,-3,-1,-1,-4,-2,1,-2,4,1,-3,-3,3,-2,-2,-2,0,-2,-2,
line 49,  resi 344: -1,5,-2,-1,-3,-3,-1,-3,3,-3,-2,-1,-2,0,5,-1,-1,-3,-3,-2,
line 50,  resi 345: -1,-4,-1,2,-4,-2,0,-3,1,-3,-1,0,-2,7,1,-1,-1,-3,-3,-2,
line 51,  resi 346: -1,-3,-1,-2,-4,5,-1,-4,-2,-4,-3,4,-3,-2,-2,0,-2,-4,-4,-3,
line 52,  resi 347: -1,-3,-2,-1,-3,-3,6,-1,-2,-2,-2,-2,6,-1,-2,-2,-1,1,-4,-1,
line 53,  resi 348: -2,-3,3,-1,2,-3,1,-2,-2,-2,-2,-1,-3,-2,-2,-2,-2,-2,1,7,
line 54,  resi 349: 0,-3,-2,-3,-4,6,-3,-4,-2,-4,-3,-1,-3,-2,-3,-1,-2,-4,-3,-4,
line 55,  resi 350: 2,6,-1,-1,-2,3,-2,-2,-1,-2,-1,-1,-1,-1,-2,0,-1,-1,-2,-2,
line 56,  resi 351: -1,-4,-1,0,-4,-2,-1,-3,6,-3,-2,-1,-2,1,2,-1,-1,-3,-4,-2,
line 57,  resi 352: -1,-3,-2,-2,-4,-3,-3,-3,-2,-4,-3,-3,8,-2,-3,-1,-2,-3,-4,-4,
line 58,  resi 353: -1,-1,-4,-3,-1,-4,-4,2,-3,3,1,-4,-3,-3,-3,-2,-1,4,-3,-2,
line 59,  resi 354: 2,-1,-3,-3,-1,-2,-3,4,-2,2,1,-3,-3,-2,-3,-1,-1,1,-3,-2,
line 60,  resi 355: -1,-4,-1,0,-4,-2,-1,-3,5,-3,-2,-1,-2,1,4,-1,-1,-3,-4,-2,
line 61,  resi 356: -2,-4,-2,0,-4,-3,-1,-4,3,-3,-2,-1,-2,1,6,-1,-2,-3,-3,-2,
line 62,  resi 357: 3,-1,-3,-2,-2,-1,-3,0,-2,-1,-1,-2,-2,-2,-2,0,2,2,-3,-2,
line 63,  resi 358: -2,-2,-4,-3,0,-4,-3,1,-3,4,5,-4,-3,-2,-2,-3,-2,0,-2,-2,
line 64,  resi 359: -1,-2,-4,-4,-1,-4,-4,5,-3,1,1,-4,-3,-3,-4,-3,-1,4,-3,-2,
line 65,  resi 360: -1,-1,-4,-3,-1,-4,-4,2,-3,0,0,-4,-3,-3,-3,-2,0,5,-4,-2,
line 66,  resi 361: -1,7,-2,-2,-3,-2,-3,-1,-2,-2,-1,-1,-2,-2,-2,0,5,-1,-3,-2,
line 67,  resi 362: -1,-3,-2,-2,-4,-3,-3,-3,-2,-4,-3,-3,8,-2,-3,-1,-2,-3,-4,-4,
line 68,  resi 363: 0,-3,-2,-3,-4,6,-3,-4,-2,-4,-3,-1,-3,-2,-3,-1,-2,-4,-3,-4,
line 69,  resi 364: 1,-1,-1,-1,-3,-1,-1,-3,-1,-3,-2,0,-1,-1,-1,5,1,-2,-3,-2,
line 70,  resi 365: -2,-2,-4,-4,0,-4,-3,1,-3,5,2,-4,-4,-3,-3,-3,-2,0,-2,-2,
line 71,  resi 366: -1,-1,-4,-3,-1,-4,-4,2,-3,0,0,-4,-3,-3,-3,-2,0,5,-4,-2,
line 72,  resi 367: -2,-4,-1,0,-4,-2,-1,-4,4,-3,-2,3,-2,1,4,-1,-1,-3,-4,-2,
line 73,  resi 368: -2,-3,1,-1,-4,-1,0,-4,-1,-4,-3,7,-3,0,-1,0,0,-4,-4,-3,
line 74,  resi 369: -3,-3,-5,-4,1,-3,-3,-3,-4,-2,-2,-4,-4,-3,-3,-3,-3,-4,12,2,
line 75,  resi 370: -1,-4,0,3,-4,-2,-1,-4,4,-3,-2,-1,-2,1,3,-1,-1,-3,-4,-2,
line 76,  resi 371: -1,-4,-1,1,-4,-2,-1,-3,5,-3,-2,-1,-2,4,2,-1,-1,-3,-3,-2,
line 77,  resi 372: -1,-4,1,6,-4,-3,-1,-4,0,-4,-3,-1,-2,2,-1,-1,-1,-3,-4,-3,
line 78,  resi 373: -3,-3,-4,-4,7,-4,-2,-1,-4,0,0,-4,-4,-4,-3,-3,-3,-1,1,3,
line 79,  resi 374: -1,-4,-1,1,-4,-3,0,-4,1,-3,-1,-1,-2,6,4,-1,-1,-3,-3,-2,
line 80,  resi 375: -1,-4,-1,0,-4,-2,-1,-3,6,-3,-2,-1,-2,1,2,-1,-1,-3,-4,-2,
line 81,  resi 376: -3,-3,-5,-4,1,-3,-3,-3,-4,-2,-2,-4,-4,-3,-3,-3,-3,-4,12,2,
line 82,  resi 377: -2,-2,-4,-4,0,-4,-3,1,-3,5,2,-4,-4,-3,-3,-3,-2,0,-2,-2,
line 83,  resi 378: 0,-3,-2,-3,-4,6,-3,-4,-2,-4,-3,-1,-3,-2,-3,-1,-2,-4,-3,-4,
line 84,  resi 379: 0,-2,-1,-1,-3,-2,-1,-3,0,-3,-2,0,-2,0,4,3,3,-2,-3,-2,
line 85,  resi 380: -1,-4,1,6,-4,-3,-1,-4,0,-4,-3,-1,-2,2,-1,-1,-1,-3,-4,-3,
line 86,  resi 381: -2,-4,-2,-1,-3,-3,-1,-4,2,-3,-2,-1,-3,1,7,-1,-2,-3,-3,-2,
line 87,  resi 382: -2,-2,-4,-4,-1,-4,-4,6,-3,1,1,-4,-3,-3,-4,-3,-1,2,-3,-2,
line 88,  resi 383: -1,-4,-1,0,-4,-2,-1,-3,5,-3,-2,-1,-2,1,4,-1,-1,-3,-4,-2,
line 89,  resi 384: -1,-1,-4,-3,-1,-4,-4,3,-3,1,0,-4,-3,-3,-3,-2,-1,5,-3,-2,
line 90,  resi 385: -3,-3,-4,-4,7,-4,-2,-1,-4,0,0,-4,-4,-4,-3,-3,-3,-1,1,3,
line 91,  resi 386: 2,-1,-2,-2,-2,-2,-3,0,-2,-1,-1,-2,-2,-2,-2,0,4,3,-3,-2,
line 92,  resi 387: -1,-1,-4,-3,-1,-4,-4,2,-3,0,0,-4,-3,-3,-3,-2,0,5,-4,-2,
line 93,  resi 388: -2,-4,6,1,-4,-2,-1,-4,3,-4,-3,1,-2,0,0,-1,-1,-4,-5,-3,
line 94,  resi 389: 2,-2,-1,1,-4,-2,0,-3,0,-3,-1,-1,-2,6,0,0,-1,-2,-3,-2,
line 95,  resi 390: -2,-4,7,1,-4,-2,-2,-4,-1,-4,-4,1,-2,-1,-2,-1,-2,-4,-5,-4,
line 96,  resi 391: -2,-4,-1,0,-2,-2,8,-4,3,-3,-2,0,-2,0,0,-1,-2,-3,-3,1,
line 97,  resi 392: -1,-4,-1,0,-4,-2,-2,-3,5,-3,-2,-1,5,0,1,-1,-1,-3,-4,-3,
line 98,  resi 393: -1,-1,-4,-3,-1,-4,-4,2,-3,0,0,-4,-3,-3,-3,-2,0,5,-4,-2,
line 99,  resi 394: -2,-4,0,5,-4,-3,-1,-4,1,-3,-2,-1,-2,1,4,-1,-1,-3,-3,-3,
line 100,  resi 395: -1,-4,1,6,-4,-3,-1,-4,0,-4,-3,-1,-2,2,-1,-1,-1,-3,-4,-3,
line 101,  resi 396: -3,-3,-4,-4,7,-4,-2,-1,-4,0,0,-4,-4,-4,-3,-3,-3,-1,1,3,
line 102,  resi 397: 2,-1,-3,-3,-1,-2,-3,4,-2,0,0,-3,-3,-2,-3,-1,-1,3,-3,-2,
line 103,  resi 398: 2,-2,-1,-1,-3,-1,-1,-3,2,-3,-2,3,-2,0,0,2,0,-2,-4,-2,
line 104,  resi 399: 3,-1,-1,-1,-3,-1,-2,-3,-1,-3,-2,0,-1,-1,-1,4,1,-2,-3,-2,
line 105,  resi 400: -1,-2,-2,-2,-3,-2,-2,2,-2,-2,-1,-2,6,-2,-2,2,0,-1,-4,-3,
line 106,  resi 401: -2,-2,-4,-3,4,-4,-3,1,-3,3,1,-4,-4,-3,-3,-3,-1,3,-2,0,
line 107,  resi 402: -2,-3,-4,-3,5,-4,1,-1,-3,-1,-1,-3,-4,-2,-3,-2,-2,-2,2,7,
line 108,  resi 403: 1,-1,-1,-1,-3,-1,-1,-3,-1,-3,-2,0,-1,-1,-1,5,1,-2,-3,-2,
line 109,  resi 404: -1,-1,-4,-3,-1,-4,-4,2,-3,0,0,-4,-3,-3,-3,-2,0,5,-4,-2,
line 110,  resi 405: -2,-2,-4,-3,0,-4,-3,1,-3,4,4,-4,-3,-2,-3,-3,-2,0,-2,-2,
line 111,  resi 406: -2,-2,-4,-4,0,-4,-4,5,-3,3,1,-4,-3,-3,-3,-3,-1,2,-3,-2,
line 112,  resi 407: -2,-2,-4,-4,0,-4,-4,5,-3,3,1,-4,-3,-3,-3,-3,-1,2,-3,-2,
line 113,  resi 408: 1,-1,-1,-1,-3,-1,-1,-3,-1,-3,-2,0,-1,-1,-1,5,1,-2,-3,-2,
line 114,  resi 409: -2,-3,-4,-3,3,-4,1,-2,-2,-2,-2,-3,-4,-2,-2,-2,-2,-2,2,8,
line 115,  resi 410: -1,-4,1,6,-4,-3,-1,-4,0,-4,-3,-1,-2,2,-1,-1,-1,-3,-4,-3,
line 116,  resi 411: -1,-2,-4,-3,0,-3,-2,1,-2,2,8,-3,-3,-1,-2,-2,-1,0,-2,-2,
line 117,  resi 412: -2,-2,-4,-4,0,-4,-3,1,-3,5,2,-4,-4,-3,-3,-3,-2,0,-2,-2,
line 118,  resi 413: -2,-2,-4,-4,0,-4,-3,1,-3,5,2,-4,-4,-3,-3,-3,-2,0,-2,-2,
line 119,  resi 414: -2,-4,-2,-1,-3,-3,-1,-4,2,-3,-2,-1,-3,1,7,-1,-2,-3,-3,-2,
line 120,  resi 415: 0,6,0,-1,-3,-1,-1,-3,-1,-3,-2,4,-2,-1,-2,3,0,-2,-4,-3,
line 121,  resi 416: -2,-2,-4,-4,0,-4,-4,3,-3,4,1,-4,-4,-3,-3,-3,-2,1,-2,-2,
line 122,  resi 417: 2,-3,5,3,-4,-1,-2,-3,-1,-3,-3,0,-2,0,-2,0,-1,-2,-4,-3,
line 123,  resi 418: -2,-4,4,1,-4,-2,0,-4,0,-3,-2,0,-2,6,0,-1,-1,-3,-3,-2,
line 124,  resi 419: -1,-2,-4,-4,-1,-4,-4,5,-3,1,1,-4,-3,-3,-4,-3,-1,4,-3,-2,
line 125,  resi 420: 0,-3,0,3,-4,-2,-1,-3,3,-3,-2,0,-2,3,0,2,0,-3,-3,-2,
line 126,  resi 421: 2,-2,-1,0,-3,-1,-1,-3,3,-3,-2,3,-2,0,0,2,0,-2,-4,-2,
line 127,  resi 422: -2,-2,-4,-4,0,-4,-4,4,-3,4,1,-4,-3,-3,-3,-3,-1,1,-3,-2,
line 128,  resi 423: -2,-4,3,3,-4,-2,-1,-4,2,-4,-3,4,-2,0,0,0,-1,-3,-4,-3,
line 129,  resi 424: -3,-3,-4,-4,6,-4,-2,0,-4,2,0,-4,-4,-3,-3,-3,-2,-1,0,2,
line 130,  resi 425: -2,-4,6,1,-4,-2,-1,-4,-1,-4,-4,4,-2,-1,-2,0,-1,-4,-5,-3,
line 131,  resi 426: -2,-2,-4,-4,0,-4,-4,3,-3,4,1,-4,-4,-3,-3,-3,-2,1,-2,-2,
line 132,  resi 427: -1,-2,-4,-3,-1,-4,-4,2,-3,3,1,-4,-3,-3,-3,-3,-1,4,-3,-2,
line 133,  resi 428: -1,-2,-4,-4,-1,-4,-4,5,-3,1,1,-4,-3,-3,-4,-3,-1,4,-3,-2,
line 134,  resi 429: -1,10,-4,-4,-3,-3,-4,-2,-4,-2,-2,-3,-3,-4,-4,-1,-1,-1,-3,-3,
line 135,  resi 430: -2,-4,7,1,-4,-2,-2,-4,-1,-4,-4,1,-2,-1,-2,-1,-2,-4,-5,-4,
line 136,  resi 431: -1,-4,1,6,-4,-3,-1,-4,0,-4,-3,-1,-2,2,-1,-1,-1,-3,-4,-3,
line 137,  resi 432: 3,-2,-2,-2,-3,5,-2,-3,-2,-3,-3,-1,-2,-2,-3,0,-2,-2,-3,-3,
line 138,  resi 433: -2,-4,-2,-1,-2,-3,9,-4,-1,-3,-2,0,-3,0,-1,-1,-2,-4,-3,1,
line 139,  resi 434: -2,-4,-2,-1,-3,-3,-1,-4,2,-3,-2,-1,-3,1,7,-1,-2,-3,-3,-2,
line 140,  resi 435: -2,-2,-4,-4,0,-4,-3,1,-3,5,2,-4,-4,-3,-3,-3,-2,0,-2,-2,
line 141,  resi 436: -1,-4,-1,0,-4,-2,-1,-3,6,-3,-2,-1,-2,1,2,-1,-1,-3,-4,-2,
line 142,  resi 437: -2,-3,1,-1,-4,-1,0,-4,-1,-4,-3,7,-3,0,-1,0,0,-4,-4,-3,
line 143,  resi 438: 0,-1,-1,-1,-3,-1,-2,-2,-1,-2,-2,0,-1,-1,-1,4,4,-1,-3,-2,
line 144,  resi 439: 2,-1,-1,-1,-3,-1,-2,-3,-1,-3,-2,0,-1,-1,-1,5,1,-2,-3,-2,
line 145,  resi 440: 2,-1,-3,-3,-1,-2,-3,5,-3,1,0,-3,-3,-3,-3,-1,-1,2,-3,-2,
line 146,  resi 441: -1,-4,-1,0,-4,-2,-1,-3,6,-3,-2,-1,-2,1,2,-1,-1,-3,-4,-2,
line 147,  resi 442: 0,-1,-2,-1,-3,-2,-2,-1,-1,-2,-1,0,-2,-1,-2,1,6,0,-3,-2,
line 148,  resi 443: 0,-1,-2,-1,-3,-2,-2,-1,-1,-2,-1,0,-2,-1,-2,1,6,0,-3,-2,
line 149,  resi 444: -1,-2,-2,-2,-2,-2,-2,0,-1,0,4,-1,-2,-1,-2,0,5,0,-3,-2,
line 150,  resi 445: 4,-1,-2,-1,-3,0,-2,-2,-1,-2,-2,-1,-1,-1,-2,2,0,-1,-3,-2,
line 151,  resi 446: -2,-2,-4,-3,0,-4,-3,1,-3,4,5,-4,-3,-2,-2,-3,-2,0,-2,-2,
line 152,  resi 447: -1,-2,-3,-2,-1,-3,-3,2,-2,0,5,-2,-2,-1,-2,0,4,1,-3,-2,
line 153,  resi 448: 0,-2,-1,-1,-3,3,-1,-4,-1,-4,-3,3,-2,-1,-2,3,0,-3,-4,-3,
line 154,  resi 449: -2,-2,-4,-4,0,-4,-3,1,-3,5,2,-4,-4,-3,-3,-3,-2,0,-2,-2,
line 155,  resi 450: 0,-2,-1,-1,-3,-2,-1,-3,0,-3,-2,0,-2,0,4,3,3,-2,-3,-2,
line 156,  resi 451: 2,9,-3,-3,-3,-2,-3,-2,-3,-2,-2,-3,-3,-3,-3,-1,-1,-1,-3,-3,
line 157,  resi 452: -1,-3,0,4,-4,-2,-1,-4,1,-3,-2,-1,-2,1,4,2,-1,-3,-3,-2,
line 158,  resi 453: -2,-4,-2,0,-4,-3,-1,-4,4,-3,-2,-1,-2,1,5,-1,-1,-3,-3,-2,
line 159,  resi 454: -2,-4,-2,-1,-3,-3,-1,-4,2,-3,-2,-1,-3,1,7,-1,-2,-3,-3,-2,
line 160,  resi 455: -2,-2,-4,-4,-1,-4,-4,6,-3,1,1,-4,-3,-3,-4,-3,-1,2,-3,-2,
line 161,  resi 456: 2,-1,-3,-3,-1,-2,-3,5,-3,1,0,-3,-3,-3,-3,-1,-1,2,-3,-2,
line 162,  resi 457: -2,-2,-4,-4,0,-4,-3,1,-3,5,2,-4,-4,-3,-3,-3,-2,0,-2,-2,
line 163,  resi 458: 0,-1,-1,-1,-3,-2,-2,-2,-1,-2,-1,0,-2,-1,-2,3,5,-1,-3,-2,
line 164,  resi 459: 0,-3,-2,-3,-4,6,-3,-4,-2,-4,-3,-1,-3,-2,-3,-1,-2,-4,-3,-4,
line 165,  resi 460: 0,-1,-2,-1,-3,-2,-2,-1,-1,-2,-1,0,-2,-1,-2,1,6,0,-3,-2,
line 166,  resi 461: -1,-3,-2,-2,-4,-3,-3,-3,-2,-4,-3,-3,8,-2,-3,-1,-2,-3,-4,-4,
line 167,  resi 462: -2,-2,-4,-4,-1,-4,-4,5,-3,1,1,-4,-3,-3,-4,-3,-1,3,-3,-2,
line 168,  resi 463: -1,-4,-1,2,-4,-2,0,-3,1,-3,-1,0,-2,7,1,-1,-1,-3,-3,-2,
line 169,  resi 464: -2,-3,1,-1,-4,-1,0,-4,-1,-4,-3,7,-3,0,-1,0,0,-4,-4,-3,
line 170,  resi 465: -2,-4,7,1,-4,-2,-2,-4,-1,-4,-4,1,-2,-1,-2,-1,-2,-4,-5,-4,
line 171,  resi 466: -2,-2,-4,-4,0,-4,-3,1,-3,5,2,-4,-4,-3,-3,-3,-2,0,-2,-2,
line 172,  resi 467: -1,-4,-1,2,-4,-2,0,-3,1,-3,-1,0,-2,7,1,-1,-1,-3,-3,-2,
line 173,  resi 468: -1,-4,1,6,-4,-3,-1,-4,0,-4,-3,-1,-2,2,-1,-1,-1,-3,-4,-3,
line 174,  resi 469: -3,-3,-4,-4,7,-4,-2,-1,-4,0,0,-4,-4,-4,-3,-3,-3,-1,1,3,
line 175,  resi 470: -3,-3,-4,-4,7,-4,-1,-1,-3,0,-1,-3,-4,-3,-3,-3,-3,-1,1,5,
line 176,  resi 471: 5,-1,-2,-1,-3,0,-2,-2,-1,-2,-1,-2,-1,-1,-2,1,0,-1,-3,-2,
line 177,  resi 472: -2,-2,-4,-4,0,-4,-4,3,-3,4,1,-4,-4,-3,-3,-3,-2,1,-2,-2,
line 178,  resi 473: -1,-2,-4,-4,-1,-4,-4,5,-3,1,1,-4,-3,-3,-4,-3,-1,4,-3,-2,
line 179,  resi 474: -2,-4,5,4,-4,-2,-1,-4,0,-4,-3,0,-2,1,-1,-1,-1,-3,-4,-3,
line 180,  resi 475: -3,-3,-4,-4,7,-4,-2,-1,-4,0,0,-4,-4,-4,-3,-3,-3,-1,1,3,
line 181,  resi 476: -1,7,-4,-3,-2,-4,-4,2,-3,0,0,-3,-3,-3,-3,-2,-1,4,-3,-2,
line 182,  resi 477: -2,-3,1,-1,-4,-1,0,-4,-1,-4,-3,7,-3,0,-1,0,0,-4,-4,-3,
line 183,  resi 478: -1,-3,-2,-2,-4,-3,-3,-3,-2,-4,-3,-3,8,-2,-3,-1,-2,-3,-4,-4,
line 184,  resi 479: 2,-2,-2,-2,-4,6,-3,-4,-2,-4,-3,-1,-2,-2,-3,0,-2,-3,-3,-3,
line 185,  resi 480: -1,-2,-4,-4,-1,-4,-4,5,-3,1,1,-4,-3,-3,-3,-3,-1,4,-3,-2,
line 186,  resi 481: -2,-2,-4,-4,0,-4,-3,1,-3,5,2,-4,-4,-3,-3,-3,-2,0,-2,-2,
line 187,  resi 482: 0,-3,-2,-3,-4,6,-3,-4,-2,-4,-3,-1,-3,-2,-3,-1,-2,-4,-3,-4,
line 188,  resi 483: 0,-1,-1,-1,-3,-1,-2,-2,-1,-3,-2,0,-1,-1,-1,4,3,-2,-3,-2,
line 189,  resi 484: -2,-2,-3,-1,-1,-4,-2,0,-1,4,1,-2,-3,3,-1,-2,-2,0,-2,-2,
line 190,  resi 485: 3,-1,-1,-1,-3,-1,-2,-3,-1,-3,-2,0,-1,-1,-1,4,1,-2,-3,-2,
line 191,  resi 486: 0,-1,-1,-1,-3,-2,-2,-2,-1,-2,-1,0,-2,-1,-2,3,5,-1,-3,-2,
line 192,  resi 487: -2,-3,-4,-3,5,-4,1,-1,-3,-1,-1,-3,-4,-2,-3,-2,-2,-2,2,7,
line 193,  resi 488: -2,-4,-2,-1,-3,-3,-1,-4,2,-3,-2,-1,-3,1,7,-1,-2,-3,-3,-2,
line 194,  resi 489: -1,-4,-1,0,-4,-2,-1,-3,5,-3,-2,-1,-2,1,4,-1,-1,-3,-4,-2,
line 195,  resi 490: -1,-2,-4,-3,-1,-4,-4,4,-3,1,1,-4,-3,-3,-3,-3,-1,4,-3,-2,
line 196,  resi 491: -2,-3,-4,-3,5,-4,1,-2,-3,-1,-1,-3,-4,-2,-3,-2,-2,-2,2,7,
line 197,  resi 492: -1,-4,1,6,-4,-3,-1,-4,0,-4,-3,-1,-2,2,-1,-1,-1,-3,-4,-3,
line 198,  resi 493: -2,-4,0,5,-4,-3,-1,-4,1,-3,-2,-1,-2,1,4,-1,-1,-3,-3,-3,
line 199,  resi 494: -1,-3,-2,-2,-4,-3,-3,-3,-2,-4,-3,-3,8,-2,-3,-1,-2,-3,-4,-4,
line 200,  resi 495: -2,-2,-4,-4,-1,-4,-4,6,-3,1,1,-4,-3,-3,-4,-3,-1,2,-3,-2,
line 201,  resi 496: -1,-2,-4,-3,-1,-4,-4,3,-3,3,1,-4,-3,-3,-3,-3,-1,4,-3,-2,
line 202,  resi 497: -2,-3,-1,3,-2,-3,-1,-2,1,1,-1,-1,-2,1,4,-1,-2,-2,-3,-2,
line 203,  resi 498: 1,-1,-1,-1,-3,-1,-1,-3,-1,-3,-2,0,-1,-1,-1,5,1,-2,-3,-2,
line 204,  resi 499: -2,-4,-2,-1,-3,-3,-1,-4,2,-3,-2,-1,-3,1,7,-1,-2,-3,-3,-2,
line 205,  resi 500: -1,-4,1,5,-4,-3,0,-4,1,-3,-2,-1,-2,4,0,-1,-1,-3,-3,-2,
line 206,  resi 501: -1,-3,-2,-2,-4,-3,-3,-3,-2,-4,-3,-3,8,-2,-3,-1,-2,-3,-4,-4,
line 207,  resi 502: 0,-1,-1,-1,-3,-1,-2,-2,-1,-2,-2,0,-1,-1,-1,4,4,-1,-3,-2,
line 208,  resi 503: 5,-1,-2,-1,-3,0,-2,-2,-1,-2,-1,-2,-1,-1,-2,1,0,-1,-3,-2,
line 209,  resi 504: 0,-1,-1,-1,-3,-2,-2,-2,-1,-2,-1,0,-2,-1,-2,3,5,-1,-3,-2,
line 210,  resi 505: -1,-4,-1,2,-4,-3,-2,-4,2,-3,-3,-2,6,0,-1,-1,-1,-3,-4,-3,
line 211,  resi 506: 2,-3,0,5,-4,-2,-1,-3,0,-3,-2,-1,-2,1,-1,0,-1,-2,-3,-3,
line 212,  resi 507: -1,-4,1,6,-4,-3,-1,-4,0,-4,-3,-1,-2,2,-1,-1,-1,-3,-4,-3,
line 213,  resi 508: -1,-4,-1,0,-4,-2,-1,-3,5,-3,-2,-1,-2,1,4,-1,-1,-3,-4,-2,
line 214,  resi 509: -2,-4,3,3,-4,-2,-1,-4,3,-4,-3,3,-2,1,0,0,-1,-3,-4,-3,
line 215,  resi 510: -2,-2,-4,-4,0,-4,-3,1,-3,5,2,-4,-4,-3,-3,-3,-2,0,-2,-2,
line 216,  resi 511: 0,-3,-2,-3,-4,6,-3,-4,-2,-4,-3,-1,-3,-2,-3,-1,-2,-4,-3,-4,
line 217,  resi 512: -2,-4,4,5,-4,-2,-1,-4,0,-4,-3,0,-2,1,-1,-1,-1,-3,-4,-3,
line 218,  resi 513: 2,-3,-1,2,-3,-2,-1,-3,3,-3,-2,-1,-2,1,3,0,-1,-2,-3,-2,
line 219,  resi 514: -2,-4,-2,-1,-3,-3,-1,-4,2,-3,-2,-1,-3,1,7,-1,-2,-3,-3,-2,
line 220,  resi 515: 5,-1,-2,-1,-3,0,-2,-2,-1,-2,-1,-2,-1,-1,-2,1,0,-1,-3,-2,
line 221,  resi 516: 4,-1,-2,-1,-3,-1,-2,-2,-1,-2,-1,-1,-1,-1,-2,1,3,-1,-3,-2,
line 222,  resi 517: -1,-4,1,6,-4,-3,-1,-4,0,-4,-3,-1,-2,2,-1,-1,-1,-3,-4,-3,
line 223,  resi 518: -2,-2,-4,-4,0,-4,-3,1,-3,5,2,-4,-4,-3,-3,-3,-2,0,-2,-2,
line 224,  resi 519: 2,-1,-2,-1,-3,-2,-2,-1,-1,-2,-1,-1,-2,-1,-2,1,5,-1,-3,-2,
line 225,  resi 520: -2,5,-3,-1,-3,-3,-1,-3,1,-3,-2,-1,-3,0,6,-1,-2,-3,-3,-2,
line 226,  resi 521: -2,-2,-4,-3,0,-4,-3,1,-3,4,5,-4,-3,-2,-2,-3,-2,0,-2,-2,
line 227,  resi 522: -1,-1,-2,-2,-2,-3,-3,3,-2,0,0,-1,-2,-2,-2,0,5,1,-3,-2,
line 228,  resi 523: 0,-2,-1,-2,-4,5,-2,-4,-2,-4,-3,0,-2,-2,-2,2,-1,-3,-3,-3,
line 229,  resi 524: -1,-2,-3,-2,-1,-3,-3,0,-2,4,1,-2,-3,-2,-2,2,-1,0,-3,-2,
line 230,  resi 525: -3,-3,-4,-4,7,-4,-2,-1,-4,0,0,-4,-4,-4,-3,-3,-3,-1,1,3,
line 231,  resi 526: -2,7,-4,-4,-1,-4,-4,5,-3,1,0,-4,-3,-3,-4,-2,-1,2,-3,-2,
line 232,  resi 527: -2,-2,-4,-4,0,-4,-3,1,-3,5,2,-4,-4,-3,-3,-3,-2,0,-2,-2,
line 233,  resi 528: -2,-4,-2,-1,-3,-3,-1,-4,2,-3,-2,-1,-3,1,7,-1,-2,-3,-3,-2,
line 234,  resi 529: -2,-4,-2,-1,-3,-3,-1,-4,2,-3,-2,-1,-3,1,7,-1,-2,-3,-3,-2,

